1357
1234
1111
4444
1111
7777
1004
2468
7777
0000
1234
1004
1212
1111
1234
1004
1004
1212
2222
0000
0000
1234
1234
2000
0420
1122
0000
1234
1111
4444
0000
1111
2222
1234
1357
0000
7777
1234
1111
0000
2000
1212
2000
7777
1234
1234
4321
1234
1111
1234
0420
4444
0000
1111
1234
0000
1111
1234
1111
0000
1111
1234
2000
7777
0000
1234
9999
1111
6969
2580
2000
2000
1111
1234
1111
1234
1212
1234
9999
1111
0000
2222
1234
1004
0000
0000
1234
1111
7777
1234
0000
1212
1234
0000
9000
7777
1212
1234
1122
1111
0000
4321
1234
1234
1234
4444
0000
1234
1212
1111
0420
0000
1111
1234
1111
1234
1234
1234
2580
0420
6969
1004
1234
1234
0000
0000
1004
1234
7777
1234
2468
1234
0000
1234
1212
1234
4444
1234
1111
1111
1212
1111
8080
9999
1234
1212
0000
2000
0000
0000
9999
7777
1234
1111
1111
9000
6969
1212
1234
1234
0000
1111
0007
1234
0000
2000
2222
2222
1234
1234
1234
1111
1234
0000
1212
1111
0000
8080
1212
0000
1234
1234
1004
2222
0000
1004
0000
1212
1212
6969
1234
7777
4444
0000
0000
0000
0000
1234
1234
1234
9999
0000
0000
6969
1111
7777
1234
0000
0000
1234
4444
1212
0007
1212
1234
1111
0000
1212
1004
1234
0000
4444
7777
0000
0000
1212
1212
1234
0000
1234
0000
2580
1987
4321
1111
2024
1470
1234
0852
7777
1001
1212
2000
3141
8888
5555
4242
0909
1234
6969
2500
8080
1990
6543
2580
1478
2222
3333
1210
9090
1234
1818
8088
4444
1357
2468
5000
0707
9999
1234
1122
2020
2718
3690
1234
8008
1597
1221
6006
1234
1717
2828
1010
1234
2580
7890
4321
0000
5555
6969
4242
1212
1313
0909
1470
1234
2001
2002
2003
2004
4321
9876
6543
1111
2222
3333
4444
5555
6666
7777
8888
9999
2580
1478
0852
3141
2718
8080
9090
0707
1001
1221
2112
1210
6969
4242
2500
5000
8088
1818
1357
2468
1597
7531
3579
1234
0000
4321
2580
1999
2005
2006
2007
2008
2010
2012
2015
2018
2020
2024
1234
1234
1234
0000
0000
1111
1111
2222
3333
4444
5555
6666
7777
8888
9999
2580
2580
2580
1470
1470
1478
0852
0852
3141
3141
2718
8080
8080
9090
9090
0707
0707
1001
1001
1221
1221
1212
1212
6969
6969
4242
4242
2500
2500
5000
5000
8088
8088
1818
1818
1357
2468
1597
7531
3579
4321
4321
6543
6543
7890
7890
0987
0987
3690
3690
1478
1478
0852
0852
1713
1713
5046
5046
5016
5016
7889
7889
8254
8254
1234
2580
0000
1111
2222
3333
4444
5555
6666
7777
8888
9999
1990
1991
1992
1993
1994
1995
1996
1997
1998
1999
2000
2001
2002
2003
2004
2005
2006
2007
2008
2009
2010
2011
2012
2013
2014
2015
2016
2017
2018
2019
2020
2021
2022
2023
2024
1234
2580
4321
0852
1470
1478
3690
2468
1357
1597
7531
3579
3141
2718
1212
1010
2020
4242
6969
8080
9090
0707
1001
1221
2112
6006
8008
1818
1717
2828
3030
4040
5050
6060
7070
8081
9091
1122
3344
5566
7788
9900
1234
0000
2580
4321
1111
2222
3333
4444
5555
6666
7777
8888
9999
4242
6969
1212
1470
0852
3141
2718
8080
9090
0707
1001
1221
2500
5000
8088
1818
1357
2468
1597
7531
3579
7890
0987
3690
1478
0852
1713
5046
5016
7889
8254
1234
1234
1234
2580
2580
2580
0000
0000
1111
1111
4242
4242
6969
6969
8080
8080
9090
9090
1212
1212
1470
1470
0852
0852
3141
3141
2718
2718
4321
4321
6543
6543
7890
7890
3690
3690
1478
1478
1713
5046
5016
7889
8254
1234
0000
2580
4321
1111
2222
3333
4444
5555
6666
7777
8888
9999
2024
2024
2020
2020
2018
2018
2015
2015
2012
2012
2010
2010
2008
2008
2005
2005
2000
2000
1999
1999